2017 06 06 18 57 2017 06 06 19 04 1
2017 06 06 19 27 2017 06 06 19 31 1
2017 06 06 19 54 2017 06 06 20 05 1
2017 06 06 20 05 2017 06 06 20 20 1
2017 06 06 20 53 2017 06 06 20 55 1
2017 06 06 21 00 2017 06 06 21 55 1
2017 06 10 19 58 2017 06 10 20 20 1
2017 06 10 20 31 2017 06 10 20 51 1
2017 06 10 21 14 2017 06 10 21 22 1
2017 06 10 21 30 2017 06 10 21 48 1
2017 06 10 21 55 2017 06 10 21 58 1
2017 06 10 22 08 2017 06 10 22 18 1
2017 06 11 18 00 2017 06 11 18 05 1
2017 06 11 18 22 2017 06 11 18 41 1
2017 06 11 18 42 2017 06 11 18 51 1
2017 06 11 19 03 2017 06 11 19 40 1
2017 06 11 20 03 2017 06 11 20 30 1
2017 06 17 18 54 2017 06 17 19 24 1
2017 06 17 19 30 2017 06 17 19 51 1
2017 06 17 19 51 2017 06 17 20 05 1
2017 06 17 20 05 2017 06 17 20 34 1
2017 06 17 20 40 2017 06 17 20 56 1
2017 06 17 20 57 2017 06 17 21 05 1
2017 06 17 21 07 2017 06 17 21 21 1
2017 06 17 21 21 2017 06 17 21 54 1
2017 06 24 18 24 2017 06 24 18 33 1
2017 06 24 18 40 2017 06 24 18 46 1
2017 06 24 18 51 2017 06 24 19 03 1
2017 06 24 19 07 2017 06 24 19 15 1
2017 06 24 19 17 2017 06 24 19 22 1
2017 06 24 19 24 2017 06 24 19 38 1
2017 06 24 19 44 2017 06 24 19 47 1
2021 08 24 18 15 2021 08 24 18 28 1
2021 08 24 18 30 2021 08 24 18 51 1
2021 08 24 19 16 2021 08 24 19 41 1
2021 08 24 19 41 2021 08 24 19 58 1
2022 09 06 11 30 2022 09 06 11 41 0
2022 09 06 13 46 2022 09 06 13 55 0
2022 09 06 14 14 2022 09 06 14 19 0
2022 09 06 16 13 2022 09 06 16 16 0
2022 09 06 16 21 2022 09 06 16 29 0
2022 09 06 16 40 2022 09 06 16 50 0
2022 09 06 16 50 2022 09 06 17 08 0
2022 09 06 17 16 2022 09 06 17 31 0
2022 09 06 17 37 2022 09 06 17 47 0
2022 09 16 13 53 2022 09 16 13 56 0
2022 09 16 14 52 2022 09 16 15 07 0
2022 09 16 15 07 2022 09 16 15 15 0
2022 09 16 16 45 2022 09 16 16 59 0
2022 09 16 17 07 2022 09 16 17 24 0
2022 09 16 17 31 2022 09 16 17 37 0
2022 09 16 17 45 2022 09 16 18 06 0
2022 09 16 18 18 2022 09 16 18 31 0
2022 09 26 07 19 2022 09 26 07 33 0
2022 09 26 07 33 2022 09 26 07 51 0
2022 09 26 07 51 2022 09 26 07 58 0
2022 09 26 08 04 2022 09 26 08 18 0
2022 09 26 08 25 2022 09 26 08 34 0
2022 09 26 08 56 2022 09 26 09 07 0
2022 09 26 09 10 2022 09 26 09 27 0
2022 09 26 09 29 2022 09 26 09 45 0
2022 09 26 09 45 2022 09 26 10 02 0
2022 09 26 10 05 2022 09 26 10 21 0
2022 09 26 10 25 2022 09 26 10 30 0
2022 09 26 10 42 2022 09 26 10 51 0
2022 09 26 10 59 2022 09 26 11 04 0
