2020 12 01 00 00 2021 01 01 00 00
2021 01 01 00 00 2021 02 01 00 00
2021 02 01 00 00 2021 03 01 00 00
2021 03 01 00 00 2021 04 01 00 00
2021 04 01 00 00 2021 05 01 00 00
2021 05 01 00 00 2021 06 01 00 00
2021 06 01 00 00 2021 07 01 00 00
2021 07 01 00 00 2021 08 01 00 00
2021 08 01 00 00 2021 09 01 00 00
2021 09 01 00 00 2021 10 01 00 00
2021 10 01 00 00 2021 11 01 00 00
2021 11 01 00 00 2021 12 01 00 00
2021 12 01 00 00 2022 01 01 00 00
2022 01 01 00 00 2022 02 01 00 00
2022 02 01 00 00 2022 03 01 00 00
2022 03 01 00 00 2022 04 01 00 00
2023 10 01 00 00 2023 11 01 00 00
2024 12 01 00 00 2025 01 01 00 00
2025 01 01 00 00 2025 02 01 00 00
2025 02 01 00 00 2025 03 01 00 00
